355.0,1
356.0,2
363.0,3
364.0,4
366.0,5
367.0,6
368.0,7
369.0,8
371.0,9
371.0,10
372.0,11
372.0,12
374.0,13
375.0,14
375.0,15
377.0,16
377.0,17
377.0,18
378.0,19
379.0,20
379.0,21
380.0,22
380.0,23
380.0,24
380.0,25
380.0,26
382.0,27
383.0,28
383.0,29
384.0,30
384.0,31
385.0,32
385.0,33
386.0,34
386.0,35
386.0,36
387.0,37
387.0,38
390.0,39
390.0,40
390.0,41
391.0,42
391.0,43
392.0,44
392.0,45
392.0,46
392.0,47
393.0,48
393.0,49
393.0,50
394.0,51
394.0,52
394.0,53
394.0,54
395.0,55
396.0,56
396.0,57
396.0,58
397.0,59
397.0,60
397.0,61
397.0,62
397.0,63
398.0,64
398.0,65
398.0,66
398.0,67
399.0,68
399.0,69
399.0,70
400.0,71
400.0,72
400.0,73
401.0,74
401.0,75
401.0,76
401.0,77
401.0,78
401.0,79
402.0,80
402.0,81
402.0,82
403.0,83
403.0,84
403.0,85
403.0,86
403.0,87
404.0,88
404.0,89
404.0,90
404.0,91
404.0,92
405.0,93
405.0,94
405.0,95
406.0,96
406.0,97
406.0,98
406.0,99
407.0,100
407.0,101
407.0,102
407.0,103
407.0,104
407.0,105
407.0,106
408.0,107
408.0,108
408.0,109
408.0,110
408.0,111
408.0,112
408.0,113
408.0,114
408.0,115
409.0,116
409.0,117
409.0,118
410.0,119
410.0,120
411.0,121
411.0,122
411.0,123
411.0,124
412.0,125
412.0,126
412.0,127
413.0,128
413.0,129
414.0,130
414.0,131
415.0,132
415.0,133
415.0,134
416.0,135
416.0,136
416.0,137
416.0,138
416.0,139
417.0,140
417.0,141
417.0,142
417.0,143
417.0,144
417.0,145
417.0,146
417.0,147
418.0,148
418.0,149
418.0,150
418.0,151
419.0,152
419.0,153
419.0,154
419.0,155
419.0,156
419.0,157
419.0,158
419.0,159
419.0,160
420.0,161
420.0,162
420.0,163
420.0,164
420.0,165
420.0,166
421.0,167
421.0,168
421.0,169
421.0,170
421.0,171
421.0,172
422.0,173
422.0,174
422.0,175
422.0,176
422.0,177
422.0,178
422.0,179
423.0,180
423.0,181
423.0,182
423.0,183
423.0,184
423.0,185
424.0,186
424.0,187
424.0,188
426.0,189
426.0,190
426.0,191
426.0,192
426.0,193
426.0,194
427.0,195
427.0,196
427.0,197
427.0,198
427.0,199
427.0,200
427.0,201
427.0,202
428.0,203
428.0,204
428.0,205
428.0,206
429.0,207
429.0,208
429.0,209
429.0,210
429.0,211
430.0,212
430.0,213
430.0,214
430.0,215
431.0,216
431.0,217
431.0,218
431.0,219
431.0,220
431.0,221
431.0,222
432.0,223
432.0,224
432.0,225
433.0,226
433.0,227
433.0,228
433.0,229
433.0,230
433.0,231
433.0,232
434.0,233
435.0,234
435.0,235
435.0,236
435.0,237
435.0,238
436.0,239
436.0,240
436.0,241
436.0,242
436.0,243
437.0,244
437.0,245
438.0,246
438.0,247
438.0,248
438.0,249
439.0,250
439.0,251
440.0,252
440.0,253
440.0,254
440.0,255
440.0,256
441.0,257
441.0,258
441.0,259
441.0,260
441.0,261
442.0,262
442.0,263
442.0,264
443.0,265
443.0,266
443.0,267
443.0,268
444.0,269
445.0,270
445.0,271
445.0,272
445.0,273
446.0,274
446.0,275
446.0,276
446.0,277
447.0,278
447.0,279
447.0,280
448.0,281
448.0,282
448.0,283
449.0,284
449.0,285
451.0,286
451.0,287
452.0,288
452.0,289
452.0,290
453.0,291
453.0,292
453.0,293
453.0,294
454.0,295
455.0,296
456.0,297
458.0,298
459.0,299
459.0,300
460.0,301
460.0,302
460.0,303
461.0,304
461.0,305
462.0,306
463.0,307
463.0,308
464.0,309
465.0,310
466.0,311
467.0,312
468.0,313
475.0,314
478.0,315
